本文件用于加速电压（高压）统调
****请勿修改当文件前格式*******
**最大控制步数256步，请勿超出**
本文件控制步：	121
Index**HV_ctrl**HV_coadjust
1	0	0000
2	1	0059
3	2	0083
4	3	0102
5	4	0118
6	5	0132
7	6	0145
8	7	0156
9	8	0167
10	9	0177
11	10	0187
12	11	0196
13	12	0205
14	13	0213
15	14	0221
16	15	0229
17	16	0236
18	17	0243
19	18	0250
20	19	0257
21	20	0264
22	21	0271
23	22	0277
24	23	0283
25	24	0289
26	25	0295
27	26	0301
28	27	0307
29	28	0312
30	29	0318
31	30	0323
32	31	0329
33	32	0334
34	33	0339
35	34	0344
36	35	0349
37	36	0354
38	37	0359
39	38	0364
40	39	0369
41	40	0373
42	41	0378
43	42	0383
44	43	0387
45	44	0392
46	45	0396
47	46	0400
48	47	0405
49	48	0409
50	49	0413
51	50	0417
52	51	0422
53	52	0426
54	53	0430
55	54	0434
56	55	0438
57	56	0442
58	57	0446
59	58	0450
60	59	0454
61	60	0457
62	61	0461
63	62	0465
64	63	0469
65	64	0472
66	65	0476
67	66	0480
68	67	0483
69	68	0487
70	69	0490
71	70	0494
72	71	0497
73	72	0501
74	73	0504
75	74	0508
76	75	0511
77	76	0515
78	77	0518
79	78	0521
80	79	0525
81	80	0528
82	81	0531
83	82	0535
84	83	0538
85	84	0541
86	85	0544
87	86	0548
88	87	0551
89	88	0554
90	89	0557
91	90	0560
92	91	0563
93	92	0566
94	93	0569
95	94	0572
96	95	0575
97	96	0578
98	97	0581
99	98	0584
100	99	0587
101	100	0590
102	110	0619
103	120	0647
104	130	0673
105	140	0699
106	150	0723
107	160	0747
108	170	0770
109	180	0792
110	190	0814
111	200	0835
112	210	0856
113	220	0876
114	230	0895
115	240	0915
116	250	0934
117	260	0952
118	270	0970
119	280	0988
120	290	1005
121	300	1023
