本文件用于物镜、工作距离、放大倍数统调
****请勿修改当文件前格式**************
**最大控制步数256步，请勿超出*********
本文件控制步：	105
Index**FL_ctrl**WD(0.1mm)**M_min******
1       289.72  530      4.80
2       290.75  525      4.85
3       291.78  520      4.90
4       292.67  515      4.96
5       293.67  510      5.03
6       294.77  505      5.10
7	295.88 	500	 5.17 
8	297.10 	495	 5.24 
9	298.41 	490	 5.32 
10	299.70 	485	 5.39 
11	301.03 	480	 5.46 
12	302.30 	475	 5.53 
13	303.64 	470	 5.61
14	305.90	465	 5.68 
15	306.34 	460	 5.79 
16	307.65 	455	 6.07 
17	309.05 	450	 6.23 
18	310.20 	445	 6.33 
19	311.56 	440	 6.42 
20	312.85 	435	 6.48 
21	314.45 	430	 6.56 
22	315.70 	425	 6.15 
23	317.23 	420	 6.71 
24	318.40 	415	 6.79 
25	320.02 	410	 6.86 
26	321.30 	405	 6.95 
27	322.98 	400	 6.99 
28	324.40 	395	 7.03 
29	326.20 	390	 7.09 
30	327.80 	385	 7.14 
31	329.70 	380	 7.17 
32	331.40 	375	 7.19 
33	333.19 	370	 7.21 
34	334.90 	365	 7.26
35	336.98 	360	 7.30 
36	339.00 	355	 7.33 
37	341.75 	350	 7.38 
38	343.00 	345	 7.43 
39	344.88 	340	 7.48 
40	346.80 	335	 7.53 
41	349.27 	330	 7.61 
42	351.75 	325	 7.72 
43	353.23 	320	 7.88 
44	355.00 	315	 7.94
45	357.59 	310	 8.05 
46	359.50 	305	 8.21 
47	362.52 	300	 8.31 
48	364.00 	295	 8.43 
49	366.66 	290	 8.53 
50	369.00 	285	 8.62 
51	372.27 	280	 8.75 
52	374.50 	275	 8.85 
53	377.52 	270	 9.01 
54	380.00 	265	 9.18 
55	383.22 	260	 9.35 
56	385.50 	255	 9.51 
57	388.52 	250	 9.64 
58	391.00 	245	 9.76 
59	394.69 	240	 9.90 
60	397.00 	235	 10.05 
61	400.63 	230	 10.21 
62	403.50 	225	 10.40
63	407.97 	220	 10.63 
64	410.00 	215	 10.85 
65	414.97 	210	 11.06 
66	418.00 	205	 11.34 
67	422.47 	200	 11.59 
68	426.00 	195	 11.85 
69	431.31 	190	 12.16 
70	435.00 	185	 12.47 
71	439.91 	180	 12.83 
72	444.00 	175	 13.02 
73	449.23 	170	 13.37 
74	454.00 	165	 13.98 
75	459.45 	160	 14.20 
76	464.00 	155	 14.57 
77	470.06 	150	 15.00 
78	476.00 	145	 15.26 
79	482.38 	140	 15.47 
80	488.00 	135	 15.80 
81	494.44 	130	 16.37 
82	501.00 	125	 16.74 
83	509.67 	120	 17.20 
84	517.00 	115	 17.84 
85	526.09 	110	 18.40 
86	533.50 	105	 18.97 
87	542.98 	100	 19.53 
88	551.00 	 95	 20.26 
89	563.33 	 90	 21.06 
90	572.80 	 85	 21.91 
91	583.84 	 80	 22.65 
92	594.00 	 75	 23.82 
93	607.02 	 70	 24.50 
94	620.00 	 65	 25.72 
95	634.72   60	 26.46 
96	647.00   55	 27.35 
97	663.03   50	 28.37 
98	681.00   45	 30.17 
99	701.86   40	 31.88 
100	722.00   35	 34.51 
101	745.45   30	 37.00 
102	778.00   25	 39.27 
103	813.13   20	 41.68 
104	882.00   15	 45.90 
105	963.36   10	 51.63 

